0  0.230801  0.230001
1  0.231601  0.230001
2  0.232401  0.230001
3  0.233201  0.230001
4  0.234001  0.230001
5  0.234801  0.230001
6  0.235601  0.230001
7  0.236401  0.230001
8  0.237201  0.230001
9  0.238001  0.230001
10  0.238801  0.230001
11  0.239601  0.230001
12  0.240401  0.230001
13  0.241201  0.23
14  0.242001  0.23
15  0.242801  0.23
16  0.243601  0.23
17  0.244401  0.230001
18  0.245201  0.230001
19  0.246001  0.230001
20  0.246801  0.230001
21  0.247601  0.23
22  0.248401  0.23
23  0.249201  0.23
24  0.250001  0.23
25  0.250801  0.23
26  0.251601  0.23
27  0.252401  0.23
28  0.253201  0.23
29  0.254001  0.23
30  0.254801  0.23
31  0.255601  0.23
32  0.256401  0.23
33  0.257201  0.23
34  0.258001  0.23
35  0.258801  0.23
36  0.259601  0.23
37  0.260401  0.23
38  0.261201  0.23
39  0.262001  0.23
40  0.262801  0.23
41  0.263601  0.23
42  0.264401  0.23
43  0.265201  0.23
44  0.266001  0.23
45  0.266801  0.23
46  0.267601  0.23
47  0.268401  0.23
48  0.269201  0.23
49  0.270001  0.23
50  0.270801  0.23
51  0.271601  0.23
52  0.272401  0.23
53  0.273201  0.23
54  0.274001  0.23
55  0.274801  0.23
56  0.275601  0.23
57  0.276401  0.23
58  0.277201  0.23
59  0.278001  0.23
60  0.278801  0.23
61  0.279601  0.23
62  0.280401  0.23
63  0.281201  0.23
64  0.282001  0.23
65  0.282801  0.23
66  0.283601  0.23
67  0.284401  0.23
68  0.285201  0.23
69  0.286001  0.23
70  0.286801  0.23
71  0.287601  0.23
72  0.288401  0.230001
73  0.289201  0.230001
74  0.290001  0.230004
75  0.290801  0.230012
76  0.291601  0.230026
77  0.292401  0.230053
78  0.293201  0.230093
79  0.294001  0.230148
80  0.294801  0.230213
81  0.295601  0.230293
82  0.296401  0.230391
83  0.297201  0.230498
84  0.298001  0.230613
85  0.298801  0.230752
86  0.299601  0.230907
87  0.300401  0.231078
88  0.301201  0.231255
89  0.302001  0.231447
90  0.302801  0.231659
91  0.303601  0.231883
92  0.304401  0.232119
93  0.305201  0.232368
94  0.306001  0.232637
95  0.306801  0.232917
96  0.307601  0.233212
97  0.308401  0.233523
98  0.309201  0.233841
99  0.310001  0.234175
100  0.310801  0.234522
101  0.311601  0.234875
102  0.312401  0.235247
103  0.313201  0.235622
104  0.314001  0.236013
105  0.314801  0.236414
106  0.315601  0.236824
107  0.316401  0.237242
108  0.317201  0.237678
109  0.318001  0.238118
110  0.318801  0.238571
111  0.319601  0.239033
112  0.320401  0.239501
113  0.321201  0.239985
114  0.322001  0.240474
115  0.322801  0.240973
116  0.323601  0.24148
117  0.324401  0.241993
118  0.325201  0.242516
119  0.326001  0.243041
120  0.326801  0.243574
121  0.327601  0.244114
122  0.328401  0.244664
123  0.329201  0.245217
124  0.330001  0.245775
125  0.330801  0.246348
126  0.331601  0.246922
127  0.332401  0.247505
128  0.333201  0.248098
129  0.334001  0.248697
130  0.334801  0.249299
131  0.335601  0.249906
132  0.336401  0.250514
133  0.337201  0.251128
134  0.338001  0.251745
135  0.338801  0.25236
136  0.339601  0.252988
137  0.340401  0.25362
138  0.341201  0.254257
139  0.342001  0.254904
140  0.342801  0.255555
141  0.343601  0.256211
142  0.344401  0.256875
143  0.345201  0.257538
144  0.346001  0.258206
145  0.346801  0.258871
146  0.347601  0.259535
147  0.348401  0.260204
148  0.349201  0.260879
149  0.350001  0.261559
150  0.350801  0.262249
151  0.351601  0.262941
152  0.352401  0.263639
153  0.353201  0.264335
154  0.354001  0.265039
155  0.354801  0.26574
156  0.355601  0.266442
157  0.356401  0.267143
158  0.357201  0.267841
159  0.358001  0.268548
160  0.358801  0.269257
161  0.359601  0.269974
162  0.360401  0.270695
163  0.361201  0.271424
164  0.362001  0.272157
165  0.362801  0.272885
166  0.363601  0.273617
167  0.364401  0.274343
168  0.365201  0.275071
169  0.366001  0.275797
170  0.366801  0.276522
171  0.367601  0.277258
172  0.368401  0.277995
173  0.369201  0.278741
174  0.370001  0.279487
175  0.370801  0.280236
176  0.371601  0.280986
177  0.372401  0.281732
178  0.373201  0.282478
179  0.374001  0.28322
180  0.374801  0.283961
181  0.375601  0.284711
182  0.376401  0.285463
183  0.377201  0.286224
184  0.378001  0.286982
185  0.378801  0.287745
186  0.379601  0.288513
187  0.380401  0.289273
188  0.381201  0.290033
189  0.382001  0.290791
190  0.382801  0.291549
191  0.383601  0.292311
192  0.384401  0.293076
193  0.385201  0.293845
194  0.386001  0.294618
195  0.386801  0.295389
196  0.387601  0.296163
197  0.388401  0.296936
198  0.389201  0.297706
199  0.390001  0.298475
200  0.390801  0.299245
201  0.391601  0.300021
202  0.392401  0.300801
203  0.393201  0.301588
204  0.394001  0.302377
205  0.394801  0.303174
206  0.395601  0.303969
207  0.396401  0.304762
208  0.397201  0.305555
209  0.398001  0.306344
210  0.398801  0.307135
211  0.399601  0.307926
212  0.400401  0.308718
213  0.401201  0.30952
214  0.402001  0.310322
215  0.402801  0.311124
216  0.403601  0.311932
217  0.404401  0.312736
218  0.405201  0.313537
219  0.406001  0.314332
220  0.406801  0.31513
221  0.407601  0.315925
222  0.408401  0.316724
223  0.409201  0.317522
224  0.410001  0.318328
225  0.410801  0.319135
226  0.411601  0.319941
227  0.412401  0.320748
228  0.413201  0.321555
229  0.414001  0.322354
230  0.414801  0.323156
231  0.415601  0.323954
232  0.416401  0.324755
233  0.417201  0.325556
234  0.418001  0.326361
235  0.418801  0.327166
236  0.419601  0.327977
237  0.420401  0.328786
238  0.421201  0.329593
239  0.422001  0.330396
240  0.422801  0.331194
241  0.423601  0.331996
242  0.424401  0.332796
243  0.425201  0.333598
244  0.426001  0.334401
245  0.426801  0.335207
246  0.427601  0.336017
247  0.428401  0.336826
248  0.429201  0.337636
249  0.430001  0.338444
250  0.430801  0.339244
251  0.431601  0.340045
252  0.432401  0.340848
253  0.433201  0.341644
254  0.434001  0.342446
255  0.434801  0.343248
256  0.435601  0.344055
257  0.436401  0.344862
258  0.437201  0.345673
259  0.438001  0.346482
260  0.438801  0.347287
261  0.439601  0.348092
262  0.440401  0.348893
263  0.441201  0.349689
264  0.442001  0.350487
265  0.442801  0.351289
266  0.443601  0.352088
267  0.444401  0.35289
268  0.445201  0.353696
269  0.446001  0.354503
270  0.446801  0.355313
271  0.447601  0.356117
272  0.448401  0.356921
273  0.449201  0.357726
274  0.450001  0.358527
275  0.450801  0.359317
276  0.451601  0.360115
277  0.452401  0.360914
278  0.453201  0.361715
279  0.454001  0.362515
280  0.454801  0.363317
281  0.455601  0.364127
282  0.456401  0.364932
283  0.457201  0.365737
284  0.458001  0.366543
285  0.458801  0.367343
286  0.459601  0.368144
287  0.460401  0.368943
288  0.461201  0.369732
289  0.462001  0.370526
290  0.462801  0.371322
291  0.463601  0.372123
292  0.464401  0.372925
293  0.465201  0.373725
294  0.466001  0.374536
295  0.466801  0.375337
296  0.467601  0.376148
297  0.468401  0.376948
298  0.469201  0.37775
299  0.470001  0.378551
300  0.470801  0.379346
301  0.471601  0.380142
302  0.472401  0.380942
303  0.473201  0.381743
304  0.474001  0.382547
305  0.474801  0.383351
306  0.475601  0.384155
307  0.476401  0.384964
308  0.477201  0.385773
309  0.478001  0.386579
310  0.478801  0.387384
311  0.479601  0.388187
312  0.480401  0.388985
313  0.481201  0.389788
314  0.482001  0.390584
315  0.482801  0.391379
316  0.483601  0.392167
317  0.484401  0.39297
318  0.485201  0.393767
319  0.486001  0.39457
320  0.486801  0.395379
321  0.487601  0.396189
322  0.488401  0.397
323  0.489201  0.397816
324  0.490001  0.398626
325  0.490801  0.399436
326  0.491601  0.400244
327  0.492401  0.401056
328  0.493201  0.401868
329  0.494001  0.402675
330  0.494801  0.403486
331  0.495601  0.404301
332  0.496401  0.40512
333  0.497201  0.405936
334  0.498001  0.406754
335  0.498801  0.407581
336  0.499601  0.408399
337  0.500401  0.409221
338  0.501201  0.410036
339  0.502001  0.410858
340  0.502801  0.411671
341  0.503601  0.412483
342  0.504401  0.413289
343  0.505201  0.414099
344  0.506001  0.414909
345  0.506801  0.415717
346  0.507601  0.41653
347  0.508401  0.417343
348  0.509201  0.418164
349  0.510001  0.418977
350  0.510801  0.41979
351  0.511601  0.420603
352  0.512401  0.421416
353  0.513201  0.422223
354  0.514001  0.423034
355  0.514801  0.423845
356  0.515601  0.424664
357  0.516401  0.425473
358  0.517201  0.426284
359  0.518001  0.427095
360  0.518801  0.427904
361  0.519601  0.428713
362  0.520401  0.429528
363  0.521201  0.430337
364  0.522001  0.43115
365  0.522801  0.431958
366  0.523601  0.432764
367  0.524401  0.433569
368  0.525201  0.43437
369  0.526001  0.435174
370  0.526801  0.435981
371  0.527601  0.436791
372  0.528401  0.437596
373  0.529201  0.438406
374  0.530001  0.439216
375  0.530801  0.440019
376  0.531601  0.440827
377  0.532401  0.441632
378  0.533201  0.442442
379  0.534001  0.443242
380  0.534801  0.444047
381  0.535601  0.444849
382  0.536401  0.445648
383  0.537201  0.446456
384  0.538001  0.447256
385  0.538801  0.448065
386  0.539601  0.44887
387  0.540401  0.44967
388  0.541201  0.450473
389  0.542001  0.45127
390  0.542801  0.452077
391  0.543601  0.45288
392  0.544401  0.45368
393  0.545201  0.454486
394  0.546001  0.455286
395  0.546801  0.456085
396  0.547601  0.456891
397  0.548401  0.457696
398  0.549201  0.458501
399  0.550001  0.459314
400  0.550801  0.460112
401  0.551601  0.460915
402  0.552401  0.461719
403  0.553201  0.462521
404  0.554001  0.463328
405  0.554801  0.464131
406  0.555601  0.464926
407  0.556401  0.465724
408  0.557201  0.466524
409  0.558001  0.467321
410  0.558801  0.468113
411  0.559601  0.468905
412  0.560401  0.469684
413  0.561201  0.470452
414  0.562001  0.471214
415  0.562801  0.471971
416  0.563601  0.47271
417  0.564401  0.473442
418  0.565201  0.474153
419  0.566001  0.474849
420  0.566801  0.475531
421  0.567601  0.476195
422  0.568401  0.476844
423  0.569201  0.477476
424  0.570001  0.478092
425  0.570801  0.478686
426  0.571601  0.479267
427  0.572401  0.479839
428  0.573201  0.480393
429  0.574001  0.480929
430  0.574801  0.481455
431  0.575601  0.481966
432  0.576401  0.482464
433  0.577201  0.482949
434  0.578001  0.483414
435  0.578801  0.483874
436  0.579601  0.484321
437  0.580401  0.484758
438  0.581201  0.48518
439  0.582001  0.485587
440  0.582801  0.485986
441  0.583601  0.486373
442  0.584401  0.486746
443  0.585201  0.487118
444  0.586001  0.487475
445  0.586801  0.487824
446  0.587601  0.488164
447  0.588401  0.488493
448  0.589201  0.488813
449  0.590001  0.489117
450  0.590801  0.489415
451  0.591601  0.489709
452  0.592401  0.48999
453  0.593201  0.49027
454  0.594001  0.490538
455  0.594801  0.490796
456  0.595601  0.491051
457  0.596401  0.491302
458  0.597201  0.49154
459  0.598001  0.491772
460  0.598801  0.491999
461  0.599601  0.492221
462  0.600401  0.492431
463  0.601201  0.492646
464  0.602001  0.49285
465  0.602801  0.493037
466  0.603601  0.493227
467  0.604401  0.493413
468  0.605201  0.493597
469  0.606001  0.49377
470  0.606801  0.493941
471  0.607601  0.494109
472  0.608401  0.494275
473  0.609201  0.494435
474  0.610001  0.494585
475  0.610801  0.494734
476  0.611601  0.49488
477  0.612401  0.495019
478  0.613201  0.495154
479  0.614001  0.495288
480  0.614801  0.495416
481  0.615601  0.495538
482  0.616401  0.495661
483  0.617201  0.495778
484  0.618001  0.495894
485  0.618801  0.496005
486  0.619601  0.496116
487  0.620401  0.496222
488  0.621201  0.496326
489  0.622001  0.49643
490  0.622801  0.496528
491  0.623601  0.496622
492  0.624401  0.496716
493  0.625201  0.496806
494  0.626001  0.496892
495  0.626801  0.496976
496  0.627601  0.49706
497  0.628401  0.497139
498  0.629201  0.497216
499  0.630001  0.497292
500  0.630801  0.497365
501  0.631601  0.497438
502  0.632401  0.497508
503  0.633201  0.497577
504  0.634001  0.497642
505  0.634801  0.497709
506  0.635601  0.497769
507  0.636401  0.497831
508  0.637201  0.497891
509  0.638001  0.497947
510  0.638801  0.498004
511  0.639601  0.49806
512  0.640401  0.498111
513  0.641201  0.498165
514  0.642001  0.498216
515  0.642801  0.498262
516  0.643601  0.49831
517  0.644401  0.498359
518  0.645201  0.498404
519  0.646001  0.498447
520  0.646801  0.498491
521  0.647601  0.498531
522  0.648401  0.49857
523  0.649201  0.498606
524  0.650001  0.498643
525  0.650801  0.498677
526  0.651601  0.498711
527  0.652401  0.498747
528  0.653201  0.498779
529  0.654001  0.498812
530  0.654801  0.498842
531  0.655601  0.498874
532  0.656401  0.498901
533  0.657201  0.498932
534  0.658001  0.498958
535  0.658801  0.498987
536  0.659601  0.499014
537  0.660401  0.49904
538  0.661201  0.499067
539  0.662001  0.499091
540  0.662801  0.499115
541  0.663601  0.499138
542  0.664401  0.49916
543  0.665201  0.499183
544  0.666001  0.499204
545  0.666801  0.499227
546  0.667601  0.499249
547  0.668401  0.49927
548  0.669201  0.499286
549  0.670001  0.499307
550  0.670801  0.499325
551  0.671601  0.499341
552  0.672401  0.49936
553  0.673201  0.499376
554  0.674001  0.499394
555  0.674801  0.499407
556  0.675601  0.499425
557  0.676401  0.499441
558  0.677201  0.499456
559  0.678001  0.499469
560  0.678801  0.499483
561  0.679601  0.499497
562  0.680401  0.499512
563  0.681201  0.499525
564  0.682001  0.499538
565  0.682801  0.499552
566  0.683601  0.499563
567  0.684401  0.499574
568  0.685201  0.499589
569  0.686001  0.499599
570  0.686801  0.499611
571  0.687601  0.499621
572  0.688401  0.499633
573  0.689201  0.499643
574  0.690001  0.499651
575  0.690801  0.499665
576  0.691601  0.499672
577  0.692401  0.499684
578  0.693201  0.499692
579  0.694001  0.499705
580  0.694801  0.499714
581  0.695601  0.499723
582  0.696401  0.49973
583  0.697201  0.499736
584  0.698001  0.499745
585  0.698801  0.49975
586  0.699601  0.499756
587  0.700401  0.499765
588  0.701201  0.499771
589  0.702001  0.499777
590  0.702801  0.499784
591  0.703601  0.49979
592  0.704401  0.499795
593  0.705201  0.499803
594  0.706001  0.499809
595  0.706801  0.499812
596  0.707601  0.499819
597  0.708401  0.499823
598  0.709201  0.49983
599  0.710001  0.499833
600  0.710801  0.499838
601  0.711601  0.499841
602  0.712401  0.499844
603  0.713201  0.499848
604  0.714001  0.499852
605  0.714801  0.499855
606  0.715601  0.49986
607  0.716401  0.499865
608  0.717201  0.499868
609  0.718001  0.499873
610  0.718801  0.499877
611  0.719601  0.499882
612  0.720401  0.499885
613  0.721201  0.499888
614  0.722001  0.499892
615  0.722801  0.499895
616  0.723601  0.499897
617  0.724401  0.499899
618  0.725201  0.499901
619  0.726001  0.499905
620  0.726801  0.499906
621  0.727601  0.499908
622  0.728401  0.499908
623  0.729201  0.499911
624  0.730001  0.499912
625  0.730801  0.499915
626  0.731601  0.499916
627  0.732401  0.499918
628  0.733201  0.499919
629  0.734001  0.499922
630  0.734801  0.499924
631  0.735601  0.499926
632  0.736401  0.499928
633  0.737201  0.499931
634  0.738001  0.499932
635  0.738801  0.499934
636  0.739601  0.499936
637  0.740401  0.499938
638  0.741201  0.49994
639  0.742001  0.49994
640  0.742801  0.499944
641  0.743601  0.499945
642  0.744401  0.499946
643  0.745201  0.499948
644  0.746001  0.499948
645  0.746801  0.499951
646  0.747601  0.499952
647  0.748401  0.499954
648  0.749201  0.499954
649  0.750001  0.499954
650  0.750801  0.499957
651  0.751601  0.499957
652  0.752401  0.499959
653  0.753201  0.49996
654  0.754001  0.499961
655  0.754801  0.499961
656  0.755601  0.499961
657  0.756401  0.499963
658  0.757201  0.499964
659  0.758001  0.499965
660  0.758801  0.499965
661  0.759601  0.499966
662  0.760401  0.499968
663  0.761201  0.499969
664  0.762001  0.49997
665  0.762801  0.49997
666  0.763601  0.499971
667  0.764401  0.499971
668  0.765201  0.499973
669  0.766001  0.499973
670  0.766801  0.499975
671  0.767601  0.499975
672  0.768401  0.499975
673  0.769201  0.499975
674  0.770001  0.499976
675  0.770801  0.499976
676  0.771601  0.499978
677  0.772401  0.499978
678  0.773201  0.499979
679  0.774001  0.499979
680  0.774801  0.499979
681  0.775601  0.49998
682  0.776401  0.499979
683  0.777201  0.499981
684  0.778001  0.499981
685  0.778801  0.499983
686  0.779601  0.499984
687  0.780401  0.499984
688  0.781201  0.499984
689  0.782001  0.499985
690  0.782801  0.499984
691  0.783601  0.499984
692  0.784401  0.499987
693  0.785201  0.499986
694  0.786001  0.499986
695  0.786801  0.499988
696  0.787601  0.499988
697  0.788401  0.499987
698  0.789201  0.499988
699  0.790001  0.499988
700  0.790801  0.499988
701  0.791601  0.499988
702  0.792401  0.499989
703  0.793201  0.499989
704  0.794001  0.49999
705  0.794801  0.49999
706  0.795601  0.49999
707  0.796401  0.499991
708  0.797201  0.499991
709  0.798001  0.499991
710  0.798801  0.499992
711  0.799601  0.499992
712  0.800401  0.499992
713  0.801201  0.499992
714  0.802001  0.499992
715  0.802801  0.499992
716  0.803601  0.499992
717  0.804401  0.499995
718  0.805201  0.499995
719  0.806001  0.499995
720  0.806801  0.499995
721  0.807601  0.499994
722  0.808401  0.499994
723  0.809201  0.499995
724  0.810001  0.499995
725  0.810801  0.499995
726  0.811601  0.499995
727  0.812401  0.499995
728  0.813201  0.499995
729  0.814001  0.499995
730  0.814801  0.499996
731  0.815601  0.499996
732  0.816401  0.499996
733  0.817201  0.499996
734  0.818001  0.499996
735  0.818801  0.499996
736  0.819601  0.499996
737  0.820401  0.499996
738  0.821201  0.499997
739  0.822001  0.499997
740  0.822801  0.499997
741  0.823601  0.499997
742  0.824401  0.499997
743  0.825201  0.499997
744  0.826001  0.499997
745  0.826801  0.499997
746  0.827601  0.499997
747  0.828401  0.499997
748  0.829201  0.499999
749  0.830001  0.499999
750  0.830801  0.499998
751  0.831601  0.499998
752  0.832401  0.499998
753  0.833201  0.499998
754  0.834001  0.499998
755  0.834801  0.499998
756  0.835601  0.499998
757  0.836401  0.499998
758  0.837201  0.499998
759  0.838001  0.499998
760  0.838801  0.499998
761  0.839601  0.499998
762  0.840401  0.499998
763  0.841201  0.499998
764  0.842001  0.499998
765  0.842801  0.499999
766  0.843601  0.499999
767  0.844401  0.499999
768  0.845201  0.499998
769  0.846001  0.499999
770  0.846801  0.499998
771  0.847601  0.499998
772  0.848401  0.499998
773  0.849201  0.499998
774  0.850001  0.499998
775  0.850801  0.499998
776  0.851601  0.499998
777  0.852401  0.499998
778  0.853201  0.499998
779  0.854001  0.499998
780  0.854801  0.499998
781  0.855601  0.499998
782  0.856401  0.499998
783  0.857201  0.499998
784  0.858001  0.499998
785  0.858801  0.499998
786  0.859601  0.499998
787  0.860401  0.499998
788  0.861201  0.499998
789  0.862001  0.499998
790  0.862801  0.499998
791  0.863601  0.499998
792  0.864401  0.499998
793  0.865201  0.499998
794  0.866001  0.499998
795  0.866801  0.499998
796  0.867601  0.499998
797  0.868401  0.499998
798  0.869201  0.499998
799  0.870001  0.5
800  0.870801  0.499998
801  0.871601  0.5
802  0.872401  0.499998
803  0.873201  0.5
804  0.874001  0.5
805  0.874801  0.5
806  0.875601  0.5
807  0.876401  0.5
808  0.877201  0.5
809  0.878001  0.5
810  0.878801  0.5
811  0.879601  0.5
812  0.880401  0.5
813  0.881201  0.5
814  0.882001  0.5
815  0.882801  0.5
816  0.883601  0.5
817  0.884401  0.5
818  0.885201  0.5
819  0.886001  0.5
820  0.886801  0.5
821  0.887601  0.5
822  0.888401  0.5
823  0.889201  0.5
824  0.890001  0.5
825  0.890801  0.5
826  0.891601  0.5
827  0.892401  0.5
828  0.893201  0.5
829  0.894001  0.5
830  0.894801  0.5
831  0.895601  0.5
832  0.896401  0.5
833  0.897201  0.5
834  0.898001  0.5
835  0.898801  0.5
836  0.899601  0.5
837  0.900401  0.5
838  0.901201  0.5
839  0.902001  0.5
840  0.902801  0.5
841  0.903601  0.5
842  0.904401  0.5
843  0.905201  0.5
844  0.906001  0.5
845  0.906801  0.5
846  0.907601  0.5
847  0.908401  0.5
848  0.909201  0.5
849  0.910001  0.5
850  0.910801  0.5
851  0.911601  0.5
852  0.912401  0.5
853  0.913201  0.5
854  0.914001  0.5
855  0.914801  0.5
856  0.915601  0.5
857  0.916401  0.5
858  0.917201  0.5
859  0.918001  0.5
860  0.918801  0.5
861  0.919601  0.5
862  0.920401  0.5
863  0.921201  0.5
864  0.922001  0.5
865  0.922801  0.5
866  0.923601  0.5
867  0.924401  0.5
868  0.925201  0.5
869  0.926001  0.5
870  0.926801  0.5
871  0.927601  0.5
872  0.928401  0.5
873  0.929201  0.5
874  0.930001  0.5
875  0.930801  0.5
876  0.931601  0.5
877  0.932401  0.5
878  0.933201  0.5
879  0.934001  0.5
880  0.934801  0.5
881  0.935601  0.5
882  0.936401  0.5
883  0.937201  0.5
884  0.938001  0.5
885  0.938801  0.5
886  0.939601  0.5
887  0.940401  0.5
888  0.941201  0.5
889  0.942001  0.5
890  0.942801  0.5
891  0.943601  0.5
892  0.944401  0.5
893  0.945201  0.5
894  0.946001  0.5
895  0.946801  0.5
896  0.947601  0.5
897  0.948401  0.5
898  0.949201  0.5
899  0.950001  0.5
900  0.950801  0.5
901  0.951601  0.5
902  0.952401  0.5
903  0.953201  0.5
904  0.954001  0.5
905  0.954801  0.5
906  0.955601  0.5
907  0.956401  0.5
908  0.957201  0.5
909  0.958001  0.5
910  0.958801  0.5
911  0.959601  0.5
912  0.960401  0.5
913  0.961201  0.5
914  0.962001  0.5
915  0.962801  0.5
916  0.963601  0.5
917  0.964401  0.5
918  0.965201  0.5
919  0.966001  0.5
920  0.966801  0.5
921  0.967601  0.5
922  0.968401  0.5
923  0.969201  0.5
924  0.970001  0.5
925  0.970801  0.5
926  0.971601  0.5
927  0.972401  0.5
928  0.973201  0.5
929  0.974001  0.5
930  0.974801  0.5
931  0.975601  0.5
932  0.976401  0.5
933  0.977201  0.5
934  0.978001  0.5
935  0.978801  0.5
936  0.979601  0.5
937  0.980401  0.5
938  0.981201  0.5
939  0.982001  0.5
940  0.982801  0.5
941  0.983601  0.5
942  0.984401  0.5
943  0.985201  0.5
944  0.986001  0.5
945  0.986801  0.5
946  0.987601  0.5
947  0.988401  0.5
948  0.989201  0.5
949  0.990001  0.5
950  0.990801  0.5
951  0.991601  0.5
952  0.992401  0.5
953  0.993201  0.5
954  0.994001  0.5
955  0.994801  0.5
956  0.995601  0.5
957  0.996401  0.5
958  0.997201  0.5
959  0.998001  0.5
960  0.998801  0.5
961  0.999601  0.5
962  1.0004  0.5
963  1.0012  0.5
964  1.002  0.5
965  1.0028  0.5
966  1.0036  0.5
967  1.0044  0.5
968  1.0052  0.5
969  1.006  0.5
970  1.0068  0.5
971  1.0076  0.5
972  1.0084  0.5
973  1.0092  0.5
974  1.01  0.5
975  1.0108  0.5
976  1.0116  0.5
977  1.0124  0.5
978  1.0132  0.5
979  1.014  0.5
980  1.0148  0.5
981  1.0156  0.5
982  1.0164  0.5
983  1.0172  0.5
984  1.018  0.5
985  1.0188  0.5
986  1.0196  0.5
987  1.0204  0.5
988  1.0212  0.5
989  1.022  0.5
990  1.0228  0.5
991  1.0236  0.5
992  1.0244  0.5
993  1.0252  0.5
994  1.026  0.5
995  1.0268  0.500001
996  1.0276  0.5
997  1.0284  0.5
998  1.0292  0.5
999  1.03  0.500001
1000  1.0308  0.499998
1001  1.0316  0.500001
1002  1.0324  0.500001
1003  1.0332  0.499998
1004  1.034  0.500001
1005  1.0348  0.500001
1006  1.0356  0.499998
1007  1.0364  0.500001
1008  1.0372  0.500001
1009  1.038  0.499998
1010  1.0388  0.500001
1011  1.0396  0.500001
1012  1.0404  0.499998
1013  1.0412  0.5
1014  1.042  0.5
1015  1.0428  0.499998
1016  1.0436  0.5
1017  1.0444  0.499999
1018  1.0452  0.499998
1019  1.046  0.5
1020  1.0468  0.5
1021  1.0476  0.499998
1022  1.0484  0.5
1023  1.0492  0.5
1024  1.05  0.499998
1025  1.0508  0.499997
1026  1.0516  0.499999
1027  1.0524  0.499997
1028  1.0532  0.499999
1029  1.054  0.499999
1030  1.0548  0.499999
1031  1.0556  0.499998
1032  1.0564  0.499998
1033  1.0572  0.500001
1034  1.058  0.499998
1035  1.0588  0.499998
1036  1.0596  0.500001
1037  1.0604  0.499998
1038  1.0612  0.499998
1039  1.062  0.5
1040  1.0628  0.499997
1041  1.0636  0.499997
1042  1.0644  0.499999
1043  1.0652  0.499997
1044  1.066  0.499997
1045  1.0668  0.499998
1046  1.0676  0.5
1047  1.0684  0.499998
1048  1.0692  0.499998
1049  1.07  0.5
1050  1.0708  0.499998
1051  1.0716  0.499997
1052  1.0724  0.499999
1053  1.0732  0.499997
1054  1.074  0.499998
1055  1.0748  0.5
1056  1.0756  0.499998
1057  1.0764  0.499998
1058  1.0772  0.499999
1059  1.078  0.499997
1060  1.0788  0.499997
1061  1.0796  0.499999
1062  1.0804  0.499998
1063  1.0812  0.499998
1064  1.082  0.5
1065  1.0828  0.499998
1066  1.0836  0.499998
1067  1.0844  0.499998
1068  1.0852  0.499998
1069  1.086  0.499997
1070  1.0868  0.499997
1071  1.0876  0.499997
1072  1.0884  0.499998
1073  1.0892  0.499998
1074  1.09  0.499998
1075  1.0908  0.499998
1076  1.0916  0.499998
1077  1.0924  0.499998
1078  1.0932  0.499998
1079  1.094  0.499997
1080  1.0948  0.499997
1081  1.0956  0.499997
1082  1.0964  0.499997
1083  1.0972  0.499998
1084  1.098  0.499998
1085  1.0988  0.499998
1086  1.0996  0.499998
1087  1.1004  0.499999
1088  1.1012  0.499999
1089  1.102  0.499998
1090  1.1028  0.499999
1091  1.1036  0.499998
1092  1.1044  0.499998
1093  1.1052  0.499998
1094  1.106  0.499998
1095  1.1068  0.499998
1096  1.1076  0.499999
1097  1.1084  0.499999
1098  1.1092  0.499999
1099  1.11  0.499999
1100  1.1108  0.499999
1101  1.1116  0.499999
1102  1.1124  0.499998
1103  1.1132  0.499998
1104  1.114  0.499998
1105  1.1148  0.499998
1106  1.1156  0.499998
1107  1.1164  0.499998
1108  1.1172  0.499999
1109  1.118  0.499999
1110  1.1188  0.499999
1111  1.1196  0.499999
1112  1.1204  0.499998
1113  1.1212  0.499998
1114  1.122  0.499998
1115  1.1228  0.499999
1116  1.1236  0.499999
1117  1.1244  0.499999
1118  1.1252  0.499999
1119  1.126  0.499999
1120  1.1268  0.499999
1121  1.1276  0.499999
1122  1.1284  0.499998
1123  1.1292  0.499998
1124  1.13  0.499998
1125  1.1308  0.499998
1126  1.1316  0.499998
1127  1.1324  0.499998
1128  1.1332  0.499998
1129  1.134  0.499998
1130  1.1348  0.499999
1131  1.1356  0.499999
1132  1.1364  0.499999
1133  1.1372  0.499999
1134  1.138  0.499999
1135  1.1388  0.499998
1136  1.1396  0.499998
1137  1.1404  0.499998
1138  1.1412  0.499998
1139  1.142  0.499998
1140  1.1428  0.499998
1141  1.1436  0.499998
1142  1.1444  0.499998
1143  1.1452  0.499999
1144  1.146  0.499999
1145  1.1468  0.499999
1146  1.1476  0.499999
1147  1.1484  0.499999
1148  1.1492  0.499999
1149  1.15  0.499999
1150  1.1508  0.499999
1151  1.1516  0.499999
1152  1.1524  0.499999
1153  1.1532  0.499998
1154  1.154  0.499998
1155  1.1548  0.499998
1156  1.1556  0.499998
1157  1.1564  0.499998
1158  1.1572  0.499998
1159  1.158  0.499998
1160  1.1588  0.499998
1161  1.1596  0.499998
1162  1.1604  0.499998
1163  1.1612  0.499998
1164  1.162  0.499998
1165  1.1628  0.499999
1166  1.1636  0.499999
1167  1.1644  0.499999
1168  1.1652  0.499999
1169  1.166  0.499999
1170  1.1668  0.499999
1171  1.1676  0.499999
1172  1.1684  0.499998
1173  1.1692  0.499998
1174  1.17  0.499998
1175  1.1708  0.499998
1176  1.1716  0.499998
1177  1.1724  0.499998
1178  1.1732  0.499998
1179  1.174  0.499998
1180  1.1748  0.499998
1181  1.1756  0.499998
1182  1.1764  0.499998
1183  1.1772  0.499998
1184  1.178  0.499998
1185  1.1788  0.499998
1186  1.1796  0.499998
1187  1.1804  0.499998
1188  1.1812  0.499998
1189  1.182  0.499998
1190  1.1828  0.499998
1191  1.1836  0.499998
1192  1.1844  0.499998
1193  1.1852  0.499998
1194  1.186  0.499998
1195  1.1868  0.499998
1196  1.1876  0.499998
1197  1.1884  0.499998
1198  1.1892  0.499998
1199  1.19  0.499998
1200  1.1908  0.499998
1201  1.1916  0.499998
1202  1.1924  0.499998
1203  1.1932  0.499998
1204  1.194  0.499998
1205  1.1948  0.499998
1206  1.1956  0.499998
1207  1.1964  0.499998
1208  1.1972  0.499998
1209  1.198  0.499998
1210  1.1988  0.499998
1211  1.1996  0.499998
1212  1.2004  0.499998
1213  1.2012  0.499998
1214  1.202  0.499998
1215  1.2028  0.499998
1216  1.2036  0.499998
1217  1.2044  0.499998
1218  1.2052  0.499998
1219  1.206  0.499998
1220  1.2068  0.499998
1221  1.2076  0.499998
1222  1.2084  0.499998
1223  1.2092  0.499998
1224  1.21  0.499998
1225  1.2108  0.499998
1226  1.2116  0.499998
1227  1.2124  0.499998
1228  1.2132  0.499998
1229  1.214  0.499998
1230  1.2148  0.499998
1231  1.2156  0.499998
1232  1.2164  0.499998
1233  1.2172  0.499998
1234  1.218  0.499998
1235  1.2188  0.499998
1236  1.2196  0.499998
1237  1.2204  0.499998
1238  1.2212  0.499998
1239  1.222  0.499998
1240  1.2228  0.499998
1241  1.2236  0.499998
1242  1.2244  0.499998
1243  1.2252  0.499998
1244  1.226  0.499998
1245  1.2268  0.499998
1246  1.2276  0.499998
1247  1.2284  0.499998
1248  1.2292  0.499998
1249  1.23  0.499998
